{"producer":{"name":"Blender","version":"2.79 (sub 0)","exporter_version":"5.6.2","file":"Char.babylon"},
"autoClear":true,"clearColor":[0.0509,0.0509,0.0509],"ambientColor":[0,0,0],"gravity":[0,-9.81,0],
"materials":[{"name":"Char.Hair_Colormat","id":"Char.Hair_Colormat","ambient":[0.0792,0.0457,0.0107],"diffuse":[0.0633,0.0366,0.0086],"specular":[0,0,0],"emissive":[0,0,0],"specularPower":103,"alpha":1,"backFaceCulling":true,"checkReadyOnlyOnce":false,"maxSimultaneousLights":4},
{"name":"Char.Material.002mat","id":"Char.Material.002mat","ambient":[0.512,0.3866,0.1665],"diffuse":[0.4096,0.3093,0.1332],"specular":[0,0,0],"emissive":[0,0,0],"specularPower":103,"alpha":1,"backFaceCulling":true,"checkReadyOnlyOnce":false,"maxSimultaneousLights":4},
{"name":"Char.Material.003mat","id":"Char.Material.003mat","ambient":[0.0301,0.0269,0.0276],"diffuse":[0.024,0.0215,0.0221],"specular":[0,0,0],"emissive":[0,0,0],"specularPower":103,"alpha":1,"backFaceCulling":true,"checkReadyOnlyOnce":false,"maxSimultaneousLights":4}],
"multiMaterials":[{"name":"Char.Multimaterial#0","id":"Char.Multimaterial#0","materials":["Char.Hair_Colormat","Char.Material.002mat","Char.Material.003mat"]}],
"skeletons":[{"name":"Character","id":0,"dimensionsAtRest":[7.5945,7.7404,1.0949],"bones":[
{"name":"mixamorig:Hips","index":0,"matrix":[0.8725,-0.08,-0.482,0,-0.0389,0.972,-0.2319,0,-0.487,-0.2211,-0.845,0,-0.016,3.2049,-0.0791,1],"rest":[1,0,0,0,0,1,0,0,0,0,-1,0,-0.0007,3.5705,-0.0334,1],"parentBoneIndex":-1,"length":0.3883
,"animation":{"dataType":3,"framePerSecond":30,"keys":[
{"frame":1,"values":[0.5855,-0.1101,-0.8032,0,0.0433,0.9936,-0.1047,0,-0.8095,-0.0265,-0.5865,0,-0.0135,3.4072,-0.0596,1]},
{"frame":2,"values":[0.5851,-0.1107,-0.8033,0,0.0437,0.9935,-0.105,0,-0.8098,-0.0263,-0.5862,0,-0.0131,3.4051,-0.059,1]},
{"frame":3,"values":[0.5851,-0.1109,-0.8033,0,0.0441,0.9935,-0.1051,0,-0.8097,-0.026,-0.5862,0,-0.0126,3.4034,-0.0583,1]},
{"frame":4,"values":[0.5855,-0.1112,-0.803,0,0.0444,0.9935,-0.1051,0,-0.8095,-0.0259,-0.5866,0,-0.0121,3.4021,-0.0575,1]},
{"frame":5,"values":[0.5857,-0.1114,-0.8029,0,0.0446,0.9934,-0.1053,0,-0.8093,-0.0259,-0.5868,0,-0.0116,3.4009,-0.0567,1]},
{"frame":6,"values":[0.5853,-0.1114,-0.8031,0,0.0445,0.9934,-0.1053,0,-0.8096,-0.0259,-0.5864,0,-0.0109,3.3997,-0.0558,1]},
{"frame":7,"values":[0.5846,-0.1113,-0.8036,0,0.0445,0.9935,-0.1052,0,-0.8101,-0.0257,-0.5857,0,-0.0103,3.3986,-0.0549,1]},
{"frame":8,"values":[0.5841,-0.1114,-0.804,0,0.0447,0.9935,-0.1051,0,-0.8105,-0.0255,-0.5852,0,-0.0099,3.3976,-0.054,1]},
{"frame":9,"values":[0.5837,-0.1115,-0.8042,0,0.045,0.9934,-0.1051,0,-0.8107,-0.0252,-0.5849,0,-0.0098,3.3966,-0.0532,1]},
{"frame":10,"values":[0.5833,-0.1118,-0.8045,0,0.0455,0.9934,-0.1051,0,-0.811,-0.0247,-0.5846,0,-0.0099,3.3955,-0.0524,1]},
{"frame":11,"values":[0.583,-0.1123,-0.8047,0,0.046,0.9934,-0.1053,0,-0.8112,-0.0244,-0.5843,0,-0.01,3.3945,-0.0514,1]},
{"frame":12,"values":[0.583,-0.1128,-0.8046,0,0.0463,0.9933,-0.1057,0,-0.8112,-0.0244,-0.5843,0,-0.0101,3.3936,-0.0503,1]},
{"frame":13,"values":[0.5831,-0.1133,-0.8044,0,0.0464,0.9933,-0.1063,0,-0.8111,-0.0247,-0.5845,0,-0.0104,3.3931,-0.049,1]},
{"frame":14,"values":[0.5831,-0.1137,-0.8044,0,0.0465,0.9932,-0.1066,0,-0.8111,-0.0247,-0.5844,0,-0.0109,3.393,-0.0477,1]},
{"frame":15,"values":[0.5828,-0.1143,-0.8046,0,0.0469,0.9931,-0.1071,0,-0.8113,-0.0247,-0.5841,0,-0.0115,3.393,-0.0466,1]},
{"frame":16,"values":[0.5824,-0.115,-0.8048,0,0.0473,0.9931,-0.1077,0,-0.8116,-0.0246,-0.5838,0,-0.0118,3.393,-0.0457,1]},
{"frame":17,"values":[0.582,-0.1158,-0.8049,0,0.0476,0.993,-0.1084,0,-0.8118,-0.0247,-0.5835,0,-0.0123,3.393,-0.0449,1]},
{"frame":18,"values":[0.582,-0.1163,-0.8048,0,0.0477,0.9929,-0.109,0,-0.8118,-0.025,-0.5834,0,-0.013,3.393,-0.0442,1]},
{"frame":19,"values":[0.5823,-0.1166,-0.8046,0,0.0478,0.9929,-0.1093,0,-0.8116,-0.0252,-0.5837,0,-0.0136,3.3935,-0.0438,1]},
{"frame":20,"values":[0.5829,-0.1167,-0.8042,0,0.0478,0.9928,-0.1095,0,-0.8112,-0.0254,-0.5843,0,-0.0143,3.3944,-0.0438,1]},
{"frame":21,"values":[0.5835,-0.1164,-0.8037,0,0.0476,0.9929,-0.1093,0,-0.8107,-0.0256,-0.5849,0,-0.0149,3.3958,-0.0441,1]},
{"frame":22,"values":[0.584,-0.1159,-0.8034,0,0.0472,0.9929,-0.1089,0,-0.8104,-0.0257,-0.5854,0,-0.0155,3.3974,-0.0447,1]},
{"frame":23,"values":[0.5845,-0.1152,-0.8032,0,0.047,0.993,-0.1082,0,-0.81,-0.0255,-0.5858,0,-0.0162,3.3989,-0.0455,1]},
{"frame":24,"values":[0.5852,-0.1145,-0.8027,0,0.047,0.9931,-0.1074,0,-0.8095,-0.0251,-0.5866,0,-0.0168,3.4004,-0.0464,1]},
{"frame":25,"values":[0.5862,-0.1139,-0.8021,0,0.0471,0.9932,-0.1067,0,-0.8088,-0.0248,-0.5876,0,-0.0175,3.402,-0.0475,1]},
{"frame":26,"values":[0.5872,-0.1134,-0.8014,0,0.047,0.9932,-0.1062,0,-0.808,-0.0247,-0.5886,0,-0.0182,3.4036,-0.0487,1]},
{"frame":27,"values":[0.5881,-0.1129,-0.8008,0,0.0469,0.9933,-0.1056,0,-0.8074,-0.0246,-0.5895,0,-0.0189,3.4049,-0.0501,1]},
{"frame":28,"values":[0.5888,-0.1122,-0.8005,0,0.0466,0.9934,-0.1049,0,-0.807,-0.0245,-0.5901,0,-0.0198,3.4065,-0.0515,1]},
{"frame":29,"values":[0.5889,-0.1115,-0.8004,0,0.0462,0.9935,-0.1044,0,-0.8069,-0.0245,-0.5902,0,-0.0207,3.4082,-0.053,1]},
{"frame":30,"values":[0.5887,-0.1111,-0.8007,0,0.0459,0.9935,-0.1041,0,-0.807,-0.0245,-0.59,0,-0.0212,3.4098,-0.0544,1]},
{"frame":31,"values":[0.5883,-0.1105,-0.8011,0,0.0455,0.9936,-0.1036,0,-0.8074,-0.0245,-0.5895,0,-0.0215,3.4114,-0.0555,1]},
{"frame":32,"values":[0.5878,-0.1098,-0.8015,0,0.0449,0.9936,-0.1032,0,-0.8077,-0.0247,-0.589,0,-0.0217,3.413,-0.0563,1]},
{"frame":33,"values":[0.5876,-0.1093,-0.8017,0,0.0442,0.9937,-0.103,0,-0.8079,-0.0251,-0.5887,0,-0.0217,3.4144,-0.0569,1]},
{"frame":34,"values":[0.5876,-0.1092,-0.8018,0,0.0438,0.9937,-0.1033,0,-0.808,-0.0256,-0.5887,0,-0.0215,3.4154,-0.0575,1]},
{"frame":35,"values":[0.5875,-0.1092,-0.8018,0,0.0433,0.9937,-0.1036,0,-0.8081,-0.0261,-0.5885,0,-0.0209,3.4159,-0.058,1]},
{"frame":36,"values":[0.5871,-0.1091,-0.8021,0,0.0427,0.9937,-0.1038,0,-0.8084,-0.0267,-0.588,0,-0.0201,3.4159,-0.0583,1]},
{"frame":37,"values":[0.5867,-0.1092,-0.8024,0,0.0424,0.9937,-0.1042,0,-0.8087,-0.0271,-0.5876,0,-0.0191,3.415,-0.0586,1]},
{"frame":38,"values":[0.5865,-0.1095,-0.8025,0,0.0425,0.9936,-0.1046,0,-0.8088,-0.0272,-0.5874,0,-0.0178,3.4133,-0.0592,1]},
{"frame":39,"values":[0.5863,-0.1097,-0.8027,0,0.0428,0.9936,-0.1045,0,-0.809,-0.0269,-0.5872,0,-0.0162,3.4113,-0.0597,1]},
{"frame":40,"values":[0.5859,-0.1098,-0.8029,0,0.0431,0.9936,-0.1044,0,-0.8092,-0.0266,-0.5869,0,-0.0148,3.4093,-0.0598,1]},
{"frame":41,"values":[0.5855,-0.1101,-0.8032,0,0.0433,0.9936,-0.1047,0,-0.8095,-0.0265,-0.5865,0,-0.0135,3.4072,-0.0596,1]},
{"frame":51,"values":[0.5395,-0.1614,-0.8264,0,0.0106,0.9827,-0.185,0,-0.8419,-0.091,-0.5319,0,-0.0515,2.9582,-0.064,1]},
{"frame":52,"values":[0.5449,-0.1,-0.8325,0,0.0249,0.9944,-0.1032,0,-0.8381,-0.0355,-0.5443,0,-0.1313,3.2828,-0.0913,1]},
{"frame":53,"values":[0.5462,-0.0275,-0.8372,0,0.0135,0.9996,-0.0241,0,-0.8375,-0.0019,-0.5464,0,-0.2221,3.6314,-0.1311,1]},
{"frame":54,"values":[0.5419,0.0605,-0.8383,0,-0.025,0.9981,0.0559,0,-0.8401,0.0093,-0.5424,0,-0.301,3.8985,-0.1554,1]},
{"frame":55,"values":[0.539,0.0803,-0.8385,0,-0.0327,0.9967,0.0745,0,-0.8417,0.0128,-0.5398,0,-0.3148,4.1875,-0.158,1]},
{"frame":56,"values":[0.5409,-0.0234,-0.8408,0,0.0261,0.9996,-0.0111,0,-0.8407,0.0159,-0.5413,0,-0.2643,4.4306,-0.1636,1]},
{"frame":57,"values":[0.5367,-0.0653,-0.8412,0,0.0377,0.9979,-0.0533,0,-0.8429,0.0031,-0.538,0,-0.2097,4.5976,-0.1405,1]},
{"frame":58,"values":[0.5445,-0.0952,-0.8333,0,0.0296,0.9951,-0.0943,0,-0.8382,-0.0267,-0.5446,0,-0.153,4.7716,-0.1045,1]},
{"frame":59,"values":[0.5578,-0.126,-0.8204,0,0.019,0.9901,-0.1392,0,-0.8298,-0.0621,-0.5546,0,-0.0939,4.9013,-0.07,1]},
{"frame":60,"values":[0.5619,-0.1419,-0.815,0,0.0025,0.9855,-0.1699,0,-0.8272,-0.0934,-0.554,0,-0.0491,4.9753,-0.0485,1]},
{"frame":61,"values":[0.5592,-0.141,-0.8169,0,-0.0189,0.983,-0.1826,0,-0.8288,-0.1176,-0.5471,0,-0.0204,5.0042,-0.037,1]},
{"frame":62,"values":[0.5582,-0.1348,-0.8187,0,-0.0337,0.9822,-0.1847,0,-0.829,-0.1307,-0.5437,0,0.0002,5.0016,-0.03,1]},
{"frame":63,"values":[0.5601,-0.1279,-0.8185,0,-0.039,0.9828,-0.1803,0,-0.8275,-0.1329,-0.5455,0,0.014,4.9709,-0.0247,1]},
{"frame":64,"values":[0.5632,-0.1172,-0.818,0,-0.0431,0.9844,-0.1708,0,-0.8252,-0.1315,-0.5493,0,0.017,4.9085,-0.0193,1]},
{"frame":65,"values":[0.568,-0.0997,-0.817,0,-0.0532,0.9861,-0.1573,0,-0.8213,-0.1328,-0.5548,0,0.0086,4.8092,-0.0141,1]},
{"frame":66,"values":[0.5738,-0.079,-0.8152,0,-0.066,0.9876,-0.1422,0,-0.8163,-0.1354,-0.5615,0,-0.0072,4.6699,-0.0124,1]},
{"frame":81,"values":[0.9702,-0.0494,-0.2371,0,0.0091,0.9857,-0.1682,0,-0.242,-0.161,-0.9568,0,-0.0049,2.9858,-0.0582,1]},
{"frame":82,"values":[0.9748,-0.0301,-0.2212,0,-0.0086,0.9851,-0.1718,0,-0.2231,-0.1694,-0.96,0,-0.0024,3.0034,-0.0677,1]},
{"frame":83,"values":[0.9784,-0.0117,-0.2064,0,-0.025,0.9844,-0.1744,0,-0.2052,-0.1758,-0.9628,0,0.0001,3.0443,-0.0776,1]},
{"frame":84,"values":[0.9816,0.0009,-0.1909,0,-0.0347,0.9842,-0.1735,0,-0.1878,-0.1769,-0.9662,0,0.0026,3.0987,-0.0821,1]},
{"frame":85,"values":[0.985,0.0047,-0.1726,0,-0.034,0.9853,-0.1673,0,-0.1693,-0.1707,-0.9707,0,0.0055,3.1451,-0.0789,1]},
{"frame":86,"values":[0.9885,0.0033,-0.1515,0,-0.0271,0.9875,-0.1551,0,-0.1491,-0.1574,-0.9762,0,0.0091,3.1576,-0.0729,1]},
{"frame":87,"values":[0.9913,0.0032,-0.1313,0,-0.0214,0.9902,-0.1379,0,-0.1296,-0.1395,-0.9817,0,0.0137,3.1224,-0.0717,1]},
{"frame":88,"values":[0.9932,0.0114,-0.1156,0,-0.0251,0.9927,-0.1182,0,-0.1134,-0.1203,-0.9862,0,0.0205,3.062,-0.0687,1]},
{"frame":89,"values":[0.9938,0.0244,-0.1081,0,-0.0353,0.9943,-0.1009,0,-0.105,-0.1041,-0.989,0,0.0283,2.9996,-0.0637,1]},
{"frame":90,"values":[0.9936,0.0329,-0.1079,0,-0.0429,0.9949,-0.091,0,-0.1044,-0.095,-0.99,0,0.0347,2.9544,-0.0572,1]},
{"frame":91,"values":[0.9934,0.0277,-0.1112,0,-0.0381,0.995,-0.0921,0,-0.1081,-0.0957,-0.9895,0,0.0376,2.9385,-0.0539,1]},
{"frame":92,"values":[0.9936,0.0064,-0.1126,0,-0.0183,0.9943,-0.1051,0,-0.1113,-0.1065,-0.9881,0,0.0366,2.954,-0.0538,1]},
{"frame":93,"values":[0.9937,-0.0222,-0.1101,0,0.008,0.9918,-0.1272,0,-0.112,-0.1255,-0.9857,0,0.0338,2.9976,-0.0568,1]},
{"frame":94,"values":[0.9932,-0.0465,-0.1071,0,0.0297,0.9877,-0.1532,0,-0.1129,-0.149,-0.9824,0,0.0331,3.0639,-0.063,1]},
{"frame":95,"values":[0.9922,-0.0585,-0.1097,0,0.0384,0.9834,-0.1776,0,-0.1182,-0.172,-0.978,0,0.037,3.143,-0.0679,1]},
{"frame":96,"values":[0.9913,-0.0548,-0.1198,0,0.0306,0.9802,-0.1958,0,-0.1282,-0.1904,-0.9733,0,0.0433,3.212,-0.0705,1]},
{"frame":97,"values":[0.99,-0.0403,-0.135,0,0.0118,0.9786,-0.2053,0,-0.1404,-0.2016,-0.9693,0,0.0473,3.2437,-0.0747,1]},
{"frame":98,"values":[0.988,-0.0269,-0.1523,0,-0.0051,0.9785,-0.2061,0,-0.1546,-0.2044,-0.9666,0,0.0454,3.229,-0.0773,1]},
{"frame":99,"values":[0.9851,-0.0236,-0.1703,0,-0.0112,0.9796,-0.2006,0,-0.1715,-0.1995,-0.9648,0,0.0376,3.1804,-0.074,1]},
{"frame":100,"values":[0.9818,-0.029,-0.1879,0,-0.0078,0.9813,-0.1923,0,-0.1899,-0.1902,-0.9632,0,0.0267,3.1155,-0.067,1]},
{"frame":101,"values":[0.9781,-0.0369,-0.2047,0,-0.0014,0.983,-0.1837,0,-0.2079,-0.18,-0.9614,0,0.0157,3.0528,-0.0608,1]},
{"frame":102,"values":[0.9743,-0.0438,-0.2209,0,0.0044,0.9844,-0.1758,0,-0.2251,-0.1703,-0.9593,0,0.0054,3.0071,-0.0578,1]},
{"frame":103,"values":[0.9702,-0.0494,-0.2371,0,0.0091,0.9857,-0.1682,0,-0.242,-0.161,-0.9568,0,-0.0049,2.9858,-0.0582,1]},
{"frame":111,"values":[0.831,0.0051,-0.5563,0,-0.1671,0.9561,-0.2408,0,-0.5306,-0.293,-0.7953,0,-0.029,3.1392,-0.0754,1]},
{"frame":112,"values":[0.8258,0.0183,-0.5636,0,-0.1767,0.9576,-0.2278,0,-0.5356,-0.2877,-0.794,0,-0.0633,3.0839,-0.0523,1]},
{"frame":113,"values":[0.8093,0.0204,-0.587,0,-0.1763,0.9617,-0.2096,0,-0.5603,-0.2732,-0.7819,0,-0.0976,3.0281,-0.0483,1]},
{"frame":114,"values":[0.7964,0.0096,-0.6046,0,-0.1633,0.9661,-0.1998,0,-0.5822,-0.2579,-0.771,0,-0.1353,2.9965,-0.063,1]},
{"frame":115,"values":[0.7836,-0.0117,-0.6212,0,-0.1402,0.9707,-0.1952,0,-0.6053,-0.24,-0.759,0,-0.161,2.9937,-0.0922,1]},
{"frame":116,"values":[0.7663,-0.0267,-0.6419,0,-0.1268,0.9732,-0.192,0,-0.6298,-0.2285,-0.7424,0,-0.1596,3.0255,-0.1256,1]},
{"frame":117,"values":[0.7513,-0.0419,-0.6586,0,-0.1234,0.9714,-0.2026,0,-0.6483,-0.2335,-0.7247,0,-0.1343,3.0737,-0.1617,1]},
{"frame":118,"values":[0.7497,-0.0259,-0.6613,0,-0.151,0.9662,-0.2091,0,-0.6443,-0.2566,-0.7204,0,-0.1031,3.1198,-0.2034,1]},
{"frame":119,"values":[0.7404,-0.0051,-0.6721,0,-0.187,0.9589,-0.2134,0,-0.6456,-0.2837,-0.709,0,-0.0703,3.1372,-0.2458,1]},
{"frame":120,"values":[0.6935,-0.0765,-0.7164,0,-0.1559,0.9549,-0.2528,0,-0.7034,-0.287,-0.6502,0,-0.0103,3.127,-0.2852,1]},
{"frame":121,"values":[0.6874,-0.0546,-0.7242,0,-0.1521,0.9642,-0.2171,0,-0.7102,-0.2593,-0.6545,0,0.0287,3.0955,-0.2982,1]},
{"frame":122,"values":[0.6891,-0.0314,-0.7239,0,-0.1431,0.9735,-0.1785,0,-0.7104,-0.2266,-0.6664,0,0.0309,3.0618,-0.3068,1]},
{"frame":123,"values":[0.6883,-0.0015,-0.7254,0,-0.152,0.9775,-0.1462,0,-0.7093,-0.2109,-0.6726,0,0.0089,3.0575,-0.3026,1]},
{"frame":124,"values":[0.6901,0.0341,-0.7229,0,-0.1764,0.9767,-0.1224,0,-0.7019,-0.212,-0.68,0,-0.0163,3.0803,-0.2655,1]},
{"frame":125,"values":[0.7321,0.0296,-0.6805,0,-0.183,0.9709,-0.1546,0,-0.6561,-0.2377,-0.7162,0,-0.0263,3.1215,-0.2084,1]},
{"frame":126,"values":[0.7953,-0.0624,-0.6031,0,-0.1177,0.9599,-0.2545,0,-0.5947,-0.2734,-0.756,0,-0.0196,3.1533,-0.1652,1]},
{"frame":127,"values":[0.8271,-0.0283,-0.5613,0,-0.1416,0.956,-0.2568,0,-0.5439,-0.2918,-0.7867,0,-0.0292,3.1553,-0.1153,1]},
{"frame":128,"values":[0.831,0.0051,-0.5563,0,-0.1671,0.9561,-0.2408,0,-0.5306,-0.293,-0.7953,0,-0.029,3.1392,-0.0754,1]},
{"frame":141,"values":[0.8725,-0.08,-0.482,0,-0.0389,0.972,-0.2319,0,-0.487,-0.2211,-0.845,0,-0.016,3.2049,-0.0791,1]},
{"frame":142,"values":[0.8879,-0.1059,-0.4478,0,-0.012,0.9675,-0.2525,0,-0.46,-0.2296,-0.8577,0,-0.046,3.2272,-0.0814,1]},
{"frame":143,"values":[0.8845,-0.1397,-0.445,0,0.0152,0.9623,-0.2717,0,-0.4662,-0.2336,-0.8533,0,-0.0681,3.2251,-0.0919,1]},
{"frame":144,"values":[0.8679,-0.1657,-0.4682,0,0.0302,0.9585,-0.2834,0,-0.4957,-0.2318,-0.837,0,-0.0739,3.1871,-0.1105,1]},
{"frame":145,"values":[0.8465,-0.1821,-0.5002,0,0.034,0.9562,-0.2906,0,-0.5313,-0.229,-0.8157,0,-0.0605,3.1113,-0.1349,1]},
{"frame":146,"values":[0.823,-0.1936,-0.5341,0,0.0269,0.9524,-0.3037,0,-0.5675,-0.2355,-0.789,0,-0.0374,3.0267,-0.1548,1]},
{"frame":147,"values":[0.8104,-0.1791,-0.5579,0,-0.0033,0.9507,-0.31,0,-0.5859,-0.253,-0.7699,0,-0.0187,2.9594,-0.1674,1]},
{"frame":148,"values":[0.8104,-0.1498,-0.5664,0,-0.0391,0.9508,-0.3074,0,-0.5846,-0.2713,-0.7646,0,-0.0068,2.9118,-0.1724,1]},
{"frame":149,"values":[0.8147,-0.1199,-0.5673,0,-0.0675,0.9521,-0.2982,0,-0.5759,-0.2812,-0.7676,0,-0.0042,2.8835,-0.1657,1]},
{"frame":150,"values":[0.8204,-0.0946,-0.5638,0,-0.0814,0.9568,-0.2791,0,-0.5659,-0.2749,-0.7773,0,-0.0189,2.8737,-0.1515,1]},
{"frame":151,"values":[0.8204,-0.0981,-0.5633,0,-0.0666,0.9621,-0.2646,0,-0.5679,-0.2545,-0.7827,0,-0.0431,2.8737,-0.1379,1]},
{"frame":152,"values":[0.8122,-0.1057,-0.5738,0,-0.0515,0.9666,-0.2509,0,-0.5812,-0.2333,-0.7796,0,-0.0647,2.8808,-0.1203,1]},
{"frame":153,"values":[0.7943,-0.1116,-0.5971,0,-0.0458,0.9691,-0.2422,0,-0.6057,-0.2198,-0.7647,0,-0.0867,2.8967,-0.096,1]},
{"frame":154,"values":[0.7817,-0.1212,-0.6118,0,-0.0365,0.9704,-0.2389,0,-0.6226,-0.2091,-0.7541,0,-0.1049,2.9189,-0.0712,1]},
{"frame":155,"values":[0.7925,-0.1146,-0.599,0,-0.0308,0.9734,-0.227,0,-0.6091,-0.1983,-0.7679,0,-0.1013,2.9505,-0.0545,1]},
{"frame":156,"values":[0.8128,-0.0978,-0.5742,0,-0.0353,0.9757,-0.2161,0,-0.5814,-0.1959,-0.7897,0,-0.0775,2.9981,-0.0502,1]},
{"frame":157,"values":[0.828,-0.0824,-0.5547,0,-0.046,0.9758,-0.2137,0,-0.5589,-0.2025,-0.8041,0,-0.0522,3.0602,-0.0534,1]},
{"frame":158,"values":[0.8462,-0.0763,-0.5274,0,-0.0492,0.9743,-0.2198,0,-0.5306,-0.2119,-0.8207,0,-0.034,3.1331,-0.0614,1]},
{"frame":159,"values":[0.8725,-0.08,-0.482,0,-0.0389,0.972,-0.2319,0,-0.487,-0.2211,-0.845,0,-0.016,3.2049,-0.0791,1]}],"loopBehavior":1,"name":"anim","property":"_matrix"}},
{"name":"mixamorig:Spine","index":1,"matrix":[0.9918,0.0507,-0.1175,0,-0.0568,0.9972,-0.0491,0,0.1146,0.0554,0.9919,0,0,0.3882,-0.0243,1],"rest":[1,0,0,0,0,0.9981,-0.0624,0,0,0.0624,0.9981,0,0,0.3882,-0.0243,1],"parentBoneIndex":0,"length":0.4538
,"animation":{"dataType":3,"framePerSecond":30,"keys":[
{"frame":1,"values":[0.992,0.0501,-0.1158,0,-0.0519,0.9986,-0.0123,0,0.115,0.0182,0.9932,0,0,0.3882,-0.0243,1]},
{"frame":2,"values":[0.992,0.0508,-0.1157,0,-0.0525,0.9985,-0.012,0,0.115,0.018,0.9932,0,0,0.3882,-0.0243,1]},
{"frame":3,"values":[0.992,0.0512,-0.1155,0,-0.0529,0.9985,-0.0115,0,0.1147,0.0175,0.9932,0,0,0.3882,-0.0243,1]},
{"frame":4,"values":[0.992,0.0516,-0.1152,0,-0.0532,0.9985,-0.0111,0,0.1144,0.0171,0.9933,0,0,0.3882,-0.0243,1]},
{"frame":5,"values":[0.992,0.0519,-0.1149,0,-0.0534,0.9985,-0.0108,0,0.1142,0.0168,0.9933,0,0,0.3882,-0.0243,1]},
{"frame":6,"values":[0.992,0.052,-0.1149,0,-0.0535,0.9985,-0.0104,0,0.1142,0.0165,0.9933,0,0,0.3882,-0.0243,1]},
{"frame":7,"values":[0.992,0.052,-0.1151,0,-0.0535,0.9985,-0.01,0,0.1144,0.0161,0.9933,0,0,0.3882,-0.0243,1]},
{"frame":8,"values":[0.992,0.0521,-0.115,0,-0.0536,0.9985,-0.0097,0,0.1143,0.0158,0.9933,0,0,0.3882,-0.0243,1]},
{"frame":9,"values":[0.992,0.0522,-0.1146,0,-0.0536,0.9985,-0.0095,0,0.1139,0.0156,0.9934,0,0,0.3882,-0.0243,1]},
{"frame":10,"values":[0.9921,0.0521,-0.1141,0,-0.0535,0.9985,-0.0093,0,0.1135,0.0154,0.9934,0,0,0.3882,-0.0243,1]},
{"frame":11,"values":[0.9922,0.0521,-0.1136,0,-0.0535,0.9985,-0.0091,0,0.113,0.0151,0.9935,0,0,0.3882,-0.0243,1]},
{"frame":12,"values":[0.9922,0.0521,-0.1133,0,-0.0535,0.9985,-0.009,0,0.1126,0.015,0.9935,0,0,0.3882,-0.0243,1]},
{"frame":13,"values":[0.9922,0.0519,-0.113,0,-0.0532,0.9985,-0.0091,0,0.1124,0.015,0.9936,0,0,0.3882,-0.0243,1]},
{"frame":14,"values":[0.9923,0.0514,-0.1126,0,-0.0528,0.9986,-0.0091,0,0.112,0.015,0.9936,0,0,0.3882,-0.0243,1]},
{"frame":15,"values":[0.9923,0.0513,-0.1124,0,-0.0526,0.9986,-0.0092,0,0.1118,0.015,0.9936,0,0,0.3882,-0.0243,1]},
{"frame":16,"values":[0.9923,0.0514,-0.1126,0,-0.0528,0.9986,-0.0093,0,0.112,0.0152,0.9936,0,0,0.3882,-0.0243,1]},
{"frame":17,"values":[0.9923,0.0515,-0.1129,0,-0.053,0.9985,-0.0096,0,0.1123,0.0155,0.9936,0,0,0.3882,-0.0243,1]},
{"frame":18,"values":[0.9923,0.0515,-0.113,0,-0.0529,0.9985,-0.01,0,0.1124,0.0159,0.9935,0,0,0.3882,-0.0243,1]},
{"frame":19,"values":[0.9923,0.0514,-0.1131,0,-0.0529,0.9985,-0.0104,0,0.1124,0.0163,0.9935,0,0,0.3882,-0.0243,1]},
{"frame":20,"values":[0.9922,0.0513,-0.1132,0,-0.0529,0.9985,-0.0108,0,0.1125,0.0167,0.9935,0,0,0.3882,-0.0243,1]},
{"frame":21,"values":[0.9922,0.0511,-0.1136,0,-0.0528,0.9985,-0.0113,0,0.1129,0.0173,0.9935,0,0,0.3882,-0.0243,1]},
{"frame":22,"values":[0.9922,0.0509,-0.1142,0,-0.0526,0.9985,-0.0119,0,0.1134,0.0178,0.9934,0,0,0.3882,-0.0243,1]},
{"frame":23,"values":[0.9921,0.0506,-0.1147,0,-0.0523,0.9986,-0.0123,0,0.1139,0.0182,0.9933,0,0,0.3882,-0.0243,1]},
{"frame":24,"values":[0.9921,0.0504,-0.1151,0,-0.0522,0.9986,-0.0125,0,0.1143,0.0184,0.9933,0,0,0.3882,-0.0243,1]},
{"frame":25,"values":[0.992,0.0504,-0.1153,0,-0.0522,0.9986,-0.0127,0,0.1145,0.0187,0.9932,0,0,0.3882,-0.0243,1]},
{"frame":26,"values":[0.992,0.0505,-0.1153,0,-0.0523,0.9985,-0.0131,0,0.1145,0.0191,0.9932,0,0,0.3882,-0.0243,1]},
{"frame":27,"values":[0.9921,0.0502,-0.1152,0,-0.0521,0.9985,-0.0136,0,0.1143,0.0195,0.9933,0,0,0.3882,-0.0243,1]},
{"frame":28,"values":[0.9921,0.0496,-0.1151,0,-0.0516,0.9986,-0.0142,0,0.1142,0.02,0.9933,0,0,0.3882,-0.0243,1]},
{"frame":29,"values":[0.9921,0.0492,-0.1153,0,-0.0512,0.9986,-0.0147,0,0.1144,0.0205,0.9932,0,0,0.3882,-0.0243,1]},
{"frame":30,"values":[0.9921,0.049,-0.1156,0,-0.0511,0.9986,-0.0152,0,0.1147,0.0209,0.9932,0,0,0.3882,-0.0243,1]},
{"frame":31,"values":[0.9921,0.0487,-0.1157,0,-0.0508,0.9986,-0.0154,0,0.1148,0.0212,0.9932,0,0,0.3882,-0.0243,1]},
{"frame":32,"values":[0.9921,0.0479,-0.1158,0,-0.0501,0.9986,-0.0157,0,0.1149,0.0214,0.9931,0,0,0.3882,-0.0243,1]},
{"frame":33,"values":[0.9921,0.0473,-0.1159,0,-0.0495,0.9986,-0.016,0,0.115,0.0216,0.9931,0,0,0.3882,-0.0243,1]},
{"frame":34,"values":[0.9921,0.0473,-0.1159,0,-0.0495,0.9986,-0.0162,0,0.115,0.0218,0.9931,0,0,0.3882,-0.0243,1]},
{"frame":35,"values":[0.9921,0.0473,-0.1158,0,-0.0495,0.9986,-0.0163,0,0.1149,0.0219,0.9931,0,0,0.3882,-0.0243,1]},
{"frame":36,"values":[0.9921,0.0471,-0.1159,0,-0.0493,0.9987,-0.0162,0,0.1149,0.0217,0.9931,0,0,0.3882,-0.0243,1]},
{"frame":37,"values":[0.9921,0.0474,-0.1159,0,-0.0495,0.9986,-0.0158,0,0.115,0.0214,0.9931,0,0,0.3882,-0.0243,1]},
{"frame":38,"values":[0.9921,0.0483,-0.1159,0,-0.0503,0.9986,-0.015,0,0.115,0.0207,0.9932,0,0,0.3882,-0.0243,1]},
{"frame":39,"values":[0.9921,0.0491,-0.1158,0,-0.0511,0.9986,-0.0139,0,0.115,0.0197,0.9932,0,0,0.3882,-0.0243,1]},
{"frame":40,"values":[0.992,0.0497,-0.1159,0,-0.0515,0.9986,-0.013,0,0.115,0.0188,0.9932,0,0,0.3882,-0.0243,1]},
{"frame":41,"values":[0.992,0.0501,-0.1158,0,-0.0519,0.9986,-0.0123,0,0.115,0.0182,0.9932,0,0,0.3882,-0.0243,1]},
{"frame":51,"values":[0.975,0.1788,-0.132,0,-0.1739,0.9836,0.048,0,0.1384,-0.0238,0.9901,0,0,0.3882,-0.0243,1]},
{"frame":52,"values":[0.9863,0.1131,-0.1205,0,-0.11,0.9934,0.0323,0,0.1233,-0.0186,0.9922,0,0,0.3882,-0.0243,1]},
{"frame":53,"values":[0.9925,0.0323,-0.1176,0,-0.0327,0.9995,-0.0014,0,0.1175,0.0052,0.9931,0,0,0.3882,-0.0243,1]},
{"frame":54,"values":[0.9895,-0.0737,-0.1247,0,0.0696,0.9969,-0.0373,0,0.127,0.0283,0.9915,0,0,0.3882,-0.0243,1]},
{"frame":55,"values":[0.9865,-0.0973,-0.1317,0,0.0915,0.9946,-0.0493,0,0.1357,0.0366,0.9901,0,0,0.3882,-0.0243,1]},
{"frame":56,"values":[0.991,0.0345,-0.1295,0,-0.0391,0.9987,-0.0329,0,0.1282,0.0377,0.991,0,0,0.3882,-0.0243,1]},
{"frame":57,"values":[0.9874,0.0911,-0.1294,0,-0.0931,0.9956,-0.0092,0,0.128,0.0211,0.9915,0,0,0.3882,-0.0243,1]},
{"frame":58,"values":[0.9833,0.127,-0.1305,0,-0.1274,0.9918,0.0056,0,0.1301,0.0111,0.9914,0,0,0.3882,-0.0243,1]},
{"frame":59,"values":[0.9776,0.1609,-0.1359,0,-0.1606,0.9869,0.0135,0,0.1363,0.0087,0.9906,0,0,0.3882,-0.0243,1]},
{"frame":60,"values":[0.9725,0.1801,-0.1476,0,-0.1794,0.9836,0.0182,0,0.1485,0.0088,0.9889,0,0,0.3882,-0.0243,1]},
{"frame":61,"values":[0.9698,0.1843,-0.1599,0,-0.1832,0.9828,0.0214,0,0.1611,0.0086,0.9869,0,0,0.3882,-0.0243,1]},
{"frame":62,"values":[0.9683,0.1852,-0.1675,0,-0.1835,0.9827,0.0256,0,0.1693,0.006,0.9855,0,0,0.3882,-0.0243,1]},
{"frame":63,"values":[0.9684,0.1842,-0.168,0,-0.1815,0.9829,0.0311,0,0.1708,0.0004,0.9853,0,0,0.3882,-0.0243,1]},
{"frame":64,"values":[0.9711,0.1749,-0.1626,0,-0.1716,0.9846,0.0341,0,0.1661,-0.0052,0.9861,0,0,0.3882,-0.0243,1]},
{"frame":65,"values":[0.9759,0.1547,-0.1541,0,-0.1517,0.9879,0.0308,0,0.157,-0.0066,0.9876,0,0,0.3882,-0.0243,1]},
{"frame":66,"values":[0.9808,0.1309,-0.1446,0,-0.1289,0.9914,0.0232,0,0.1464,-0.0041,0.9892,0,0,0.3882,-0.0243,1]},
{"frame":81,"values":[0.9955,0.0357,-0.0882,0,-0.0296,0.9971,0.0699,0,0.0904,-0.0669,0.9937,0,0,0.3882,-0.0243,1]},
{"frame":82,"values":[0.9961,0.0198,-0.0856,0,-0.0142,0.9977,0.0656,0,0.0867,-0.0641,0.9942,0,0,0.3882,-0.0243,1]},
{"frame":83,"values":[0.9965,0.0037,-0.0839,0,0.0014,0.9981,0.0608,0,0.0839,-0.0607,0.9946,0,0,0.3882,-0.0243,1]},
{"frame":84,"values":[0.9966,-0.0096,-0.0818,0,0.0141,0.9984,0.0554,0,0.0812,-0.0563,0.9951,0,0,0.3882,-0.0243,1]},
{"frame":85,"values":[0.9968,-0.0171,-0.0774,0,0.0211,0.9985,0.0502,0,0.0765,-0.0517,0.9957,0,0,0.3882,-0.0243,1]},
{"frame":86,"values":[0.9973,-0.0214,-0.0697,0,0.0248,0.9985,0.0478,0,0.0686,-0.0494,0.9964,0,0,0.3882,-0.0243,1]},
{"frame":87,"values":[0.9978,-0.0265,-0.0608,0,0.0296,0.9983,0.0506,0,0.0594,-0.0523,0.9969,0,0,0.3882,-0.0243,1]},
{"frame":88,"values":[0.9979,-0.0371,-0.053,0,0.0402,0.9975,0.0589,0,0.0507,-0.0609,0.9969,0,0,0.3882,-0.0243,1]},
{"frame":89,"values":[0.9975,-0.0489,-0.0501,0,0.0523,0.9962,0.0693,0,0.0466,-0.0718,0.9963,0,0,0.3882,-0.0243,1]},
{"frame":90,"values":[0.9972,-0.0542,-0.0511,0,0.058,0.9954,0.0768,0,0.0467,-0.0796,0.9957,0,0,0.3882,-0.0243,1]},
{"frame":91,"values":[0.9976,-0.0471,-0.0512,0,0.051,0.9956,0.0785,0,0.0473,-0.0809,0.9956,0,0,0.3882,-0.0243,1]},
{"frame":92,"values":[0.9985,-0.0279,-0.0465,0,0.0314,0.9967,0.0751,0,0.0442,-0.0765,0.9961,0,0,0.3882,-0.0243,1]},
{"frame":93,"values":[0.9993,-0.0034,-0.0374,0,0.006,0.9975,0.0698,0,0.0371,-0.07,0.9969,0,0,0.3882,-0.0243,1]},
{"frame":94,"values":[0.9994,0.02,-0.0286,0,-0.0181,0.9977,0.0648,0,0.0298,-0.0643,0.9975,0,0,0.3882,-0.0243,1]},
{"frame":95,"values":[0.999,0.0374,-0.0251,0,-0.0359,0.9976,0.0595,0,0.0273,-0.0585,0.9979,0,0,0.3882,-0.0243,1]},
{"frame":96,"values":[0.9986,0.0449,-0.0278,0,-0.0434,0.9977,0.0521,0,0.03,-0.0509,0.9983,0,0,0.3882,-0.0243,1]},
{"frame":97,"values":[0.9985,0.0431,-0.0338,0,-0.0416,0.9982,0.0431,0,0.0356,-0.0416,0.9985,0,0,0.3882,-0.0243,1]},
{"frame":98,"values":[0.9984,0.0389,-0.0419,0,-0.0374,0.9986,0.0361,0,0.0433,-0.0344,0.9985,0,0,0.3882,-0.0243,1]},
{"frame":99,"values":[0.9979,0.038,-0.0516,0,-0.0363,0.9987,0.0352,0,0.0528,-0.0332,0.9981,0,0,0.3882,-0.0243,1]},
{"frame":100,"values":[0.9973,0.0394,-0.0613,0,-0.0369,0.9985,0.041,0,0.0629,-0.0386,0.9973,0,0,0.3882,-0.0243,1]},
{"frame":101,"values":[0.9967,0.0395,-0.0705,0,-0.036,0.9981,0.0505,0,0.0723,-0.0478,0.9962,0,0,0.3882,-0.0243,1]},
{"frame":102,"values":[0.9961,0.0379,-0.0792,0,-0.0331,0.9976,0.0605,0,0.0813,-0.0577,0.995,0,0,0.3882,-0.0243,1]},
{"frame":103,"values":[0.9955,0.0357,-0.0882,0,-0.0296,0.9971,0.0699,0,0.0904,-0.0669,0.9937,0,0,0.3882,-0.0243,1]},
{"frame":111,"values":[0.9924,0.0435,-0.1148,0,-0.0495,0.9976,-0.0493,0,0.1124,0.0546,0.9922,0,0,0.3882,-0.0243,1]},
{"frame":112,"values":[0.9933,0.0356,-0.1099,0,-0.0406,0.9982,-0.0431,0,0.1082,0.0473,0.993,0,0,0.3882,-0.0243,1]},
{"frame":113,"values":[0.9939,0.0254,-0.107,0,-0.0298,0.9988,-0.0398,0,0.1059,0.0427,0.9935,0,0,0.3882,-0.0243,1]},
{"frame":114,"values":[0.9948,0.0186,-0.1004,0,-0.0229,0.9989,-0.0416,0,0.0996,0.0437,0.9941,0,0,0.3882,-0.0243,1]},
{"frame":115,"values":[0.9957,0.013,-0.0913,0,-0.0172,0.9988,-0.0452,0,0.0906,0.0466,0.9948,0,0,0.3882,-0.0243,1]},
{"frame":116,"values":[0.997,-0.0068,-0.0767,0,0.003,0.9988,-0.0491,0,0.0769,0.0487,0.9958,0,0,0.3882,-0.0243,1]},
{"frame":117,"values":[0.9977,-0.0228,-0.0637,0,0.0193,0.9983,-0.0559,0,0.0648,0.0545,0.9964,0,0,0.3882,-0.0243,1]},
{"frame":118,"values":[0.9975,-0.059,-0.0387,0,0.0563,0.996,-0.069,0,0.0426,0.0666,0.9969,0,0,0.3882,-0.0243,1]},
{"frame":119,"values":[0.995,-0.0962,-0.0264,0,0.0937,0.9921,-0.0839,0,0.0343,0.081,0.9961,0,0,0.3882,-0.0243,1]},
{"frame":120,"values":[0.9945,-0.0468,-0.0936,0,0.0386,0.9954,-0.0881,0,0.0973,0.084,0.9917,0,0,0.3882,-0.0243,1]},
{"frame":121,"values":[0.992,-0.0807,-0.0969,0,0.0741,0.9948,-0.0704,0,0.102,0.0626,0.9928,0,0,0.3882,-0.0243,1]},
{"frame":122,"values":[0.9879,-0.1075,-0.1118,0,0.1015,0.9932,-0.0576,0,0.1172,0.0455,0.9921,0,0,0.3882,-0.0243,1]},
{"frame":123,"values":[0.9812,-0.1372,-0.1355,0,0.1308,0.9899,-0.0551,0,0.1416,0.0364,0.9893,0,0,0.3882,-0.0243,1]},
{"frame":124,"values":[0.9736,-0.1695,-0.1531,0,0.1631,0.9851,-0.0535,0,0.1599,0.0272,0.9868,0,0,0.3882,-0.0243,1]},
{"frame":125,"values":[0.9815,-0.1334,-0.137,0,0.1272,0.9905,-0.0528,0,0.1427,0.0344,0.9892,0,0,0.3882,-0.0243,1]},
{"frame":126,"values":[0.9915,0.0303,-0.1263,0,-0.0377,0.9977,-0.0566,0,0.1243,0.0609,0.9904,0,0,0.3882,-0.0243,1]},
{"frame":127,"values":[0.9918,0.0453,-0.1197,0,-0.0523,0.997,-0.0563,0,0.1168,0.0621,0.9912,0,0,0.3882,-0.0243,1]},
{"frame":128,"values":[0.9924,0.0435,-0.1148,0,-0.0495,0.9976,-0.0493,0,0.1124,0.0546,0.9922,0,0,0.3882,-0.0243,1]},
{"frame":141,"values":[0.9918,0.0507,-0.1175,0,-0.0568,0.9972,-0.0491,0,0.1146,0.0554,0.9919,0,0,0.3882,-0.0243,1]},
{"frame":142,"values":[0.9904,0.0657,-0.1215,0,-0.0717,0.9964,-0.0453,0,0.1181,0.0536,0.9916,0,0,0.3882,-0.0243,1]},
{"frame":143,"values":[0.9874,0.0806,-0.1363,0,-0.087,0.9953,-0.042,0,0.1323,0.0533,0.9898,0,0,0.3882,-0.0243,1]},
{"frame":144,"values":[0.984,0.0911,-0.1532,0,-0.0986,0.9942,-0.042,0,0.1485,0.0564,0.9873,0,0,0.3882,-0.0243,1]},
{"frame":145,"values":[0.9798,0.1056,-0.1701,0,-0.1145,0.9925,-0.0429,0,0.1643,0.0615,0.9845,0,0,0.3882,-0.0243,1]},
{"frame":146,"values":[0.9736,0.1218,-0.1929,0,-0.1323,0.9903,-0.0425,0,0.1858,0.0669,0.9803,0,0,0.3882,-0.0243,1]},
{"frame":147,"values":[0.9726,0.1134,-0.2029,0,-0.125,0.9911,-0.0451,0,0.196,0.0693,0.9782,0,0,0.3882,-0.0243,1]},
{"frame":148,"values":[0.9756,0.0981,-0.1964,0,-0.1097,0.9928,-0.0489,0,0.1901,0.0693,0.9793,0,0,0.3882,-0.0243,1]},
{"frame":149,"values":[0.9794,0.0855,-0.1829,0,-0.0963,0.9941,-0.051,0,0.1774,0.0675,0.9818,0,0,0.3882,-0.0243,1]},
{"frame":150,"values":[0.9837,0.072,-0.1648,0,-0.0816,0.9953,-0.0521,0,0.1602,0.0647,0.985,0,0,0.3882,-0.0243,1]},
{"frame":151,"values":[0.984,0.0862,-0.1557,0,-0.0953,0.9941,-0.0518,0,0.1503,0.0658,0.9864,0,0,0.3882,-0.0243,1]},
{"frame":152,"values":[0.9831,0.1033,-0.151,0,-0.1121,0.9924,-0.0507,0,0.1446,0.0668,0.9872,0,0,0.3882,-0.0243,1]},
{"frame":153,"values":[0.9827,0.1077,-0.1509,0,-0.1164,0.9919,-0.0502,0,0.1442,0.0669,0.9873,0,0,0.3882,-0.0243,1]},
{"frame":154,"values":[0.9824,0.1112,-0.1503,0,-0.1196,0.9916,-0.0485,0,0.1437,0.0656,0.9874,0,0,0.3882,-0.0243,1]},
{"frame":155,"values":[0.9847,0.1078,-0.1367,0,-0.1146,0.9925,-0.0435,0,0.131,0.0585,0.9897,0,0,0.3882,-0.0243,1]},
{"frame":156,"values":[0.9874,0.0981,-0.1238,0,-0.1037,0.9938,-0.0397,0,0.1192,0.0521,0.9915,0,0,0.3882,-0.0243,1]},
{"frame":157,"values":[0.989,0.0797,-0.1246,0,-0.0854,0.9955,-0.0414,0,0.1208,0.0515,0.9913,0,0,0.3882,-0.0243,1]},
{"frame":158,"values":[0.9903,0.0606,-0.1254,0,-0.0668,0.9967,-0.0459,0,0.1222,0.0538,0.991,0,0,0.3882,-0.0243,1]},
{"frame":159,"values":[0.9918,0.0507,-0.1175,0,-0.0568,0.9972,-0.0491,0,0.1146,0.0554,0.9919,0,0,0.3882,-0.0243,1]}],"loopBehavior":1,"name":"anim","property":"_matrix"}},
{"name":"mixamorig:Spine1","index":2,"matrix":[0.9954,-0.094,-0.0182,0,0.0933,0.995,-0.037,0,0.0216,0.0351,0.9991,0,0,0.4538,0,1],"rest":[1,0,0,0,0,1,0,0,0,0,1,0,0,0.4538,0,1],"parentBoneIndex":1,"length":0.5186
,"animation":{"dataType":3,"framePerSecond":30,"keys":[
{"frame":1,"values":[0.9905,0.0079,-0.137,0,-0.0015,0.9989,0.0467,0,0.1372,-0.0461,0.9895,0,0,0.4538,0,1]},
{"frame":2,"values":[0.9905,0.0079,-0.137,0,-0.0015,0.9989,0.0469,0,0.1372,-0.0462,0.9895,0,0,0.4538,0,1]},
{"frame":3,"values":[0.9906,0.0078,-0.1368,0,-0.0013,0.9989,0.0471,0,0.137,-0.0465,0.9895,0,0,0.4538,0,1]},
{"frame":4,"values":[0.9906,0.0077,-0.1366,0,-0.0013,0.9989,0.0472,0,0.1368,-0.0466,0.9895,0,0,0.4538,0,1]},
{"frame":5,"values":[0.9906,0.0077,-0.1364,0,-0.0013,0.9989,0.0474,0,0.1366,-0.0467,0.9895,0,0,0.4538,0,1]},
{"frame":6,"values":[0.9906,0.0077,-0.1364,0,-0.0012,0.9989,0.0476,0,0.1366,-0.0469,0.9895,0,0,0.4538,0,1]},
{"frame":7,"values":[0.9906,0.0077,-0.1366,0,-0.0011,0.9989,0.0478,0,0.1368,-0.0472,0.9895,0,0,0.4538,0,1]},
{"frame":8,"values":[0.9906,0.0076,-0.1366,0,-0.0011,0.9988,0.048,0,0.1368,-0.0474,0.9895,0,0,0.4538,0,1]},
{"frame":9,"values":[0.9906,0.0075,-0.1363,0,-0.001,0.9988,0.0481,0,0.1365,-0.0475,0.9895,0,0,0.4538,0,1]},
{"frame":10,"values":[0.9907,0.0074,-0.136,0,-0.0008,0.9988,0.0481,0,0.1362,-0.0476,0.9895,0,0,0.4538,0,1]},
{"frame":11,"values":[0.9907,0.0072,-0.1356,0,-0.0006,0.9988,0.0482,0,0.1358,-0.0477,0.9896,0,0,0.4538,0,1]},
{"frame":12,"values":[0.9908,0.0069,-0.1353,0,-0.0004,0.9988,0.0482,0,0.1355,-0.0477,0.9896,0,0,0.4538,0,1]},
{"frame":13,"values":[0.9908,0.0066,-0.1351,0,-0.0001,0.9988,0.048,0,0.1353,-0.0475,0.9897,0,0,0.4538,0,1]},
{"frame":14,"values":[0.9908,0.0062,-0.1349,0,0.0002,0.9989,0.0478,0,0.135,-0.0474,0.9897,0,0,0.4538,0,1]},
{"frame":15,"values":[0.9909,0.0061,-0.1347,0,0.0004,0.9989,0.0477,0,0.1348,-0.0473,0.9897,0,0,0.4538,0,1]},
{"frame":16,"values":[0.9908,0.006,-0.1349,0,0.0004,0.9989,0.0475,0,0.135,-0.0472,0.9897,0,0,0.4538,0,1]},
{"frame":17,"values":[0.9908,0.006,-0.1351,0,0.0004,0.9989,0.0473,0,0.1352,-0.0469,0.9897,0,0,0.4538,0,1]},
{"frame":18,"values":[0.9908,0.006,-0.1351,0,0.0004,0.9989,0.047,0,0.1353,-0.0466,0.9897,0,0,0.4538,0,1]},
{"frame":19,"values":[0.9908,0.006,-0.1351,0,0.0003,0.9989,0.0467,0,0.1353,-0.0463,0.9897,0,0,0.4538,0,1]},
{"frame":20,"values":[0.9908,0.0061,-0.1352,0,0.0002,0.9989,0.0464,0,0.1354,-0.046,0.9897,0,0,0.4538,0,1]},
{"frame":21,"values":[0.9908,0.0063,-0.1355,0,0,0.9989,0.0461,0,0.1357,-0.0457,0.9897,0,0,0.4538,0,1]},
{"frame":22,"values":[0.9907,0.0064,-0.136,0,-0.0002,0.9989,0.0459,0,0.1361,-0.0455,0.9896,0,0,0.4538,0,1]},
{"frame":23,"values":[0.9906,0.0066,-0.1364,0,-0.0003,0.9989,0.0458,0,0.1366,-0.0453,0.9896,0,0,0.4538,0,1]},
{"frame":24,"values":[0.9906,0.0068,-0.1367,0,-0.0005,0.9989,0.0459,0,0.1369,-0.0454,0.9895,0,0,0.4538,0,1]},
{"frame":25,"values":[0.9906,0.007,-0.1369,0,-0.0007,0.9989,0.0459,0,0.1371,-0.0453,0.9895,0,0,0.4538,0,1]},
{"frame":26,"values":[0.9906,0.0072,-0.1368,0,-0.001,0.999,0.0457,0,0.137,-0.0451,0.9895,0,0,0.4538,0,1]},
{"frame":27,"values":[0.9906,0.0073,-0.1366,0,-0.0011,0.999,0.0455,0,0.1368,-0.0449,0.9896,0,0,0.4538,0,1]},
{"frame":28,"values":[0.9906,0.0073,-0.1366,0,-0.0011,0.999,0.0452,0,0.1368,-0.0446,0.9896,0,0,0.4538,0,1]},
{"frame":29,"values":[0.9906,0.0073,-0.1368,0,-0.0012,0.999,0.0449,0,0.137,-0.0443,0.9896,0,0,0.4538,0,1]},
{"frame":30,"values":[0.9905,0.0075,-0.137,0,-0.0014,0.999,0.0447,0,0.1372,-0.0441,0.9896,0,0,0.4538,0,1]},
{"frame":31,"values":[0.9905,0.0076,-0.1371,0,-0.0015,0.999,0.0447,0,0.1373,-0.044,0.9896,0,0,0.4538,0,1]},
{"frame":32,"values":[0.9905,0.0076,-0.1372,0,-0.0015,0.999,0.0446,0,0.1374,-0.044,0.9895,0,0,0.4538,0,1]},
{"frame":33,"values":[0.9905,0.0076,-0.1372,0,-0.0015,0.999,0.0445,0,0.1374,-0.0439,0.9895,0,0,0.4538,0,1]},
{"frame":34,"values":[0.9905,0.0078,-0.1371,0,-0.0017,0.999,0.0444,0,0.1373,-0.0438,0.9896,0,0,0.4538,0,1]},
{"frame":35,"values":[0.9905,0.008,-0.137,0,-0.0019,0.999,0.0445,0,0.1372,-0.0438,0.9896,0,0,0.4538,0,1]},
{"frame":36,"values":[0.9905,0.008,-0.137,0,-0.0019,0.999,0.0446,0,0.1372,-0.0439,0.9896,0,0,0.4538,0,1]},
{"frame":37,"values":[0.9905,0.008,-0.137,0,-0.0018,0.999,0.0448,0,0.1372,-0.0441,0.9896,0,0,0.4538,0,1]},
{"frame":38,"values":[0.9905,0.0081,-0.137,0,-0.0019,0.999,0.0452,0,0.1372,-0.0445,0.9895,0,0,0.4538,0,1]},
{"frame":39,"values":[0.9905,0.0081,-0.137,0,-0.0018,0.9989,0.0458,0,0.1372,-0.0452,0.9895,0,0,0.4538,0,1]},
{"frame":40,"values":[0.9905,0.008,-0.137,0,-0.0016,0.9989,0.0464,0,0.1373,-0.0457,0.9895,0,0,0.4538,0,1]},
{"frame":41,"values":[0.9905,0.0079,-0.137,0,-0.0015,0.9989,0.0467,0,0.1372,-0.0461,0.9895,0,0,0.4538,0,1]},
{"frame":51,"values":[0.9913,0.0331,-0.1276,0,-0.0195,0.9941,0.1065,0,0.1304,-0.1031,0.9861,0,0,0.4538,0,1]},
{"frame":52,"values":[0.9908,0.0159,-0.1341,0,-0.0032,0.9955,0.0947,0,0.135,-0.0934,0.9864,0,0,0.4538,0,1]},
{"frame":53,"values":[0.9903,-0.0036,-0.1391,0,0.0123,0.998,0.0618,0,0.1386,-0.0629,0.9883,0,0,0.4538,0,1]},
{"frame":54,"values":[0.9896,-0.0225,-0.142,0,0.0264,0.9993,0.0255,0,0.1414,-0.029,0.9895,0,0,0.4538,0,1]},
{"frame":55,"values":[0.9889,-0.0248,-0.1462,0,0.027,0.9995,0.0133,0,0.1458,-0.0171,0.9892,0,0,0.4538,0,1]},
{"frame":56,"values":[0.9882,-0.0047,-0.1529,0,0.009,0.9996,0.0279,0,0.1527,-0.0289,0.9878,0,0,0.4538,0,1]},
{"frame":57,"values":[0.9877,0.0063,-0.156,0,0.0016,0.9987,0.0502,0,0.1561,-0.0498,0.9865,0,0,0.4538,0,1]},
{"frame":58,"values":[0.9882,0.0134,-0.1525,0,-0.0036,0.9979,0.0643,0,0.153,-0.063,0.9862,0,0,0.4538,0,1]},
{"frame":59,"values":[0.9892,0.0205,-0.1453,0,-0.0101,0.9974,0.0719,0,0.1464,-0.0696,0.9868,0,0,0.4538,0,1]},
{"frame":60,"values":[0.9899,0.0247,-0.1398,0,-0.0143,0.9971,0.0752,0,0.1412,-0.0724,0.9873,0,0,0.4538,0,1]},
{"frame":61,"values":[0.9901,0.0257,-0.138,0,-0.0152,0.9969,0.0766,0,0.1395,-0.0738,0.9875,0,0,0.4538,0,1]},
{"frame":62,"values":[0.9901,0.0271,-0.1379,0,-0.0162,0.9967,0.08,0,0.1396,-0.0769,0.9872,0,0,0.4538,0,1]},
{"frame":63,"values":[0.9901,0.0297,-0.1373,0,-0.018,0.9962,0.0857,0,0.1394,-0.0824,0.9868,0,0,0.4538,0,1]},
{"frame":64,"values":[0.9902,0.0308,-0.1361,0,-0.0186,0.9958,0.0897,0,0.1383,-0.0863,0.9866,0,0,0.4538,0,1]},
{"frame":65,"values":[0.9904,0.0287,-0.1351,0,-0.017,0.996,0.0877,0,0.1371,-0.0845,0.9869,0,0,0.4538,0,1]},
{"frame":66,"values":[0.9906,0.0249,-0.1343,0,-0.0141,0.9966,0.0811,0,0.1359,-0.0784,0.9876,0,0,0.4538,0,1]},
{"frame":81,"values":[0.996,0.0805,0.0401,0,-0.0811,0.9966,0.013,0,-0.0389,-0.0162,0.9991,0,0,0.4538,0,1]},
{"frame":82,"values":[0.9962,0.0769,0.0416,0,-0.0774,0.9969,0.011,0,-0.0406,-0.0142,0.9991,0,0,0.4538,0,1]},
{"frame":83,"values":[0.9963,0.0742,0.0428,0,-0.0747,0.9972,0.0098,0,-0.042,-0.0129,0.999,0,0,0.4538,0,1]},
{"frame":84,"values":[0.9963,0.0741,0.0432,0,-0.0746,0.9972,0.0101,0,-0.0423,-0.0133,0.999,0,0,0.4538,0,1]},
{"frame":85,"values":[0.9961,0.0767,0.0434,0,-0.0773,0.9969,0.0119,0,-0.0424,-0.0153,0.999,0,0,0.4538,0,1]},
{"frame":86,"values":[0.9958,0.0799,0.0455,0,-0.0807,0.9966,0.0141,0,-0.0442,-0.0177,0.9989,0,0,0.4538,0,1]},
{"frame":87,"values":[0.9954,0.0809,0.0504,0,-0.0818,0.9965,0.0153,0,-0.049,-0.0194,0.9986,0,0,0.4538,0,1]},
{"frame":88,"values":[0.9953,0.0787,0.0558,0,-0.0797,0.9967,0.0155,0,-0.0544,-0.0199,0.9983,0,0,0.4538,0,1]},
{"frame":89,"values":[0.9955,0.0755,0.0576,0,-0.0765,0.997,0.015,0,-0.0563,-0.0193,0.9982,0,0,0.4538,0,1]},
{"frame":90,"values":[0.9957,0.0747,0.0555,0,-0.0755,0.997,0.0138,0,-0.0543,-0.0179,0.9984,0,0,0.4538,0,1]},
{"frame":91,"values":[0.9955,0.078,0.0533,0,-0.0787,0.9968,0.0115,0,-0.0523,-0.0157,0.9985,0,0,0.4538,0,1]},
{"frame":92,"values":[0.9949,0.0848,0.0548,0,-0.0854,0.9963,0.0083,0,-0.0539,-0.0129,0.9985,0,0,0.4538,0,1]},
{"frame":93,"values":[0.9939,0.0928,0.0594,0,-0.0932,0.9956,0.005,0,-0.0587,-0.0105,0.9982,0,0,0.4538,0,1]},
{"frame":94,"values":[0.9931,0.0991,0.0632,0,-0.0995,0.995,0.0029,0,-0.0626,-0.0092,0.998,0,0,0.4538,0,1]},
{"frame":95,"values":[0.9928,0.1018,0.0639,0,-0.1021,0.9948,0.0022,0,-0.0634,-0.0087,0.998,0,0,0.4538,0,1]},
{"frame":96,"values":[0.993,0.1001,0.062,0,-0.1004,0.9949,0.0014,0,-0.0615,-0.0076,0.9981,0,0,0.4538,0,1]},
{"frame":97,"values":[0.9937,0.0956,0.0591,0,-0.0957,0.9954,-0.0012,0,-0.0589,-0.0045,0.9983,0,0,0.4538,0,1]},
{"frame":98,"values":[0.9943,0.091,0.0556,0,-0.0908,0.9959,-0.0054,0,-0.0559,0.0003,0.9984,0,0,0.4538,0,1]},
{"frame":99,"values":[0.9948,0.088,0.0516,0,-0.0877,0.9961,-0.0087,0,-0.0522,0.0041,0.9986,0,0,0.4538,0,1]},
{"frame":100,"values":[0.9951,0.0864,0.0477,0,-0.0861,0.9963,-0.0077,0,-0.0482,0.0036,0.9988,0,0,0.4538,0,1]},
{"frame":101,"values":[0.9954,0.0848,0.0446,0,-0.0848,0.9964,-0.0023,0,-0.0447,-0.0015,0.999,0,0,0.4538,0,1]},
{"frame":102,"values":[0.9957,0.0828,0.0423,0,-0.0831,0.9965,0.0055,0,-0.0417,-0.009,0.9991,0,0,0.4538,0,1]},
{"frame":103,"values":[0.996,0.0805,0.0401,0,-0.0811,0.9966,0.013,0,-0.0389,-0.0162,0.9991,0,0,0.4538,0,1]},
{"frame":111,"values":[0.9954,-0.094,-0.0182,0,0.0933,0.995,-0.037,0,0.0216,0.0351,0.9991,0,0,0.4538,0,1]},
{"frame":112,"values":[0.9953,-0.0952,-0.0188,0,0.0945,0.995,-0.0315,0,0.0218,0.0296,0.9993,0,0,0.4538,0,1]},
{"frame":113,"values":[0.9953,-0.0946,-0.0219,0,0.094,0.9952,-0.029,0,0.0245,0.0268,0.9993,0,0,0.4538,0,1]},
{"frame":114,"values":[0.9954,-0.0935,-0.0202,0,0.0929,0.9952,-0.0312,0,0.023,0.0292,0.9993,0,0,0.4538,0,1]},
{"frame":115,"values":[0.9954,-0.0944,-0.0158,0,0.0938,0.995,-0.0343,0,0.0189,0.0326,0.9993,0,0,0.4538,0,1]},
{"frame":116,"values":[0.9952,-0.0973,-0.0134,0,0.0968,0.9947,-0.0358,0,0.0168,0.0343,0.9993,0,0,0.4538,0,1]},
{"frame":117,"values":[0.9949,-0.1005,-0.0128,0,0.0999,0.9942,-0.0396,0,0.0167,0.0381,0.9991,0,0,0.4538,0,1]},
{"frame":118,"values":[0.9943,-0.1056,-0.0166,0,0.1046,0.9932,-0.0519,0,0.022,0.0499,0.9985,0,0,0.4538,0,1]},
{"frame":119,"values":[0.9935,-0.11,-0.0286,0,0.1078,0.9918,-0.0683,0,0.0359,0.0648,0.9973,0,0,0.4538,0,1]},
